642 1280
1.45263e-17 5.25702 3.24902
1.45263e-17 5.25702 -3.24902
1.45263e-17 -5.25702 3.24902
1.45263e-17 -5.25702 -3.24902
5.25702 3.24902 5.81051e-17
5.25702 -3.24902 5.81051e-17
-5.25702 3.24902 5.81051e-17
-5.25702 -3.24902 5.81051e-17
3.24902 1.38346e-17 5.25702
-3.24902 1.38346e-17 5.25702
3.24902 1.38346e-17 -5.25702
-3.24902 1.38346e-17 -5.25702
1.45263e-17 6.18 5.81051e-17
3.09 4.99972 1.90973
3.09 4.99972 -1.90973
-3.09 4.99972 -1.90973
-3.09 4.99972 1.90973
1.45263e-17 -6.18 5.81051e-17
3.09 -4.99972 -1.90973
3.09 -4.99972 1.90973
-3.09 -4.99972 1.90973
-3.09 -4.99972 -1.90973
6.18 1.38346e-17 5.81051e-17
4.99972 -1.90973 -3.09
4.99972 1.90973 -3.09
4.99972 1.90973 3.09
4.99972 -1.90973 3.09
-6.18 1.38346e-17 5.81051e-17
-4.99972 -1.90973 3.09
-4.99972 1.90973 3.09
-4.99972 1.90973 -3.09
-4.99972 -1.90973 -3.09
1.45263e-17 1.38346e-17 6.18
-1.90973 -3.09 4.99972
1.90973 -3.09 4.99972
1.90973 3.09 4.99972
-1.90973 3.09 4.99972
1.45263e-17 1.38346e-17 -6.18
-1.90973 3.09 -4.99972
1.90973 3.09 -4.99972
1.90973 -3.09 -4.99972
-1.90973 -3.09 -4.99972
1.62451 5.87753 1.004
3.24902 5.25702 5.81051e-17
1.62451 5.87753 -1.004
-1.62451 5.87753 -1.004
-3.24902 5.25702 5.81051e-17
-1.62451 5.87753 1.004
1.62451 -5.87753 -1.004
3.24902 -5.25702 5.81051e-17
1.62451 -5.87753 1.004
-1.62451 -5.87753 1.004
-3.24902 -5.25702 5.81051e-17
-1.62451 -5.87753 -1.004
5.87753 -1.004 -1.62451
5.25702 1.38346e-17 -3.24902
5.87753 1.004 -1.62451
5.87753 1.004 1.62451
5.25702 1.38346e-17 3.24902
5.87753 -1.004 1.62451
-5.87753 -1.004 1.62451
-5.25702 1.38346e-17 3.24902
-5.87753 1.004 1.62451
-5.87753 1.004 -1.62451
-5.25702 1.38346e-17 -3.24902
-5.87753 -1.004 -1.62451
-1.004 -1.62451 5.87753
1.45263e-17 -3.24902 5.25702
1.004 -1.62451 5.87753
1.004 1.62451 5.87753
1.45263e-17 3.24902 5.25702
-1.004 1.62451 5.87753
-1.004 1.62451 -5.87753
1.45263e-17 3.24902 -5.25702
1.004 1.62451 -5.87753
1.004 -1.62451 -5.87753
1.45263e-17 -3.24902 -5.25702
-1.004 -1.62451 -5.87753
3.63251 2.62851 4.25302
4.25302 3.63251 2.62851
2.62851 4.25302 3.63251
-4.25302 3.63251 2.62851
-3.63251 2.62851 4.25302
-2.62851 4.25302 3.63251
4.25302 3.63251 -2.62851
3.63251 2.62851 -4.25302
2.62851 4.25302 -3.63251
-3.63251 2.62851 -4.25302
-4.25302 3.63251 -2.62851
-2.62851 4.25302 -3.63251
4.25302 -3.63251 2.62851
3.63251 -2.62851 4.25302
2.62851 -4.25302 3.63251
-3.63251 -2.62851 4.25302
-4.25302 -3.63251 2.62851
-2.62851 -4.25302 3.63251
3.63251 -2.62851 -4.25302
4.25302 -3.63251 -2.62851
2.62851 -4.25302 -3.63251
-4.25302 -3.63251 -2.62851
-3.63251 -2.62851 -4.25302
-2.62851 -4.25302 -3.63251
1.45263e-17 5.94478 -1.68879
1.60613 5.33129 -2.68143
1.45263e-17 5.94478 1.68879
1.60613 5.33129 2.68143
4.33864 4.28756 0.992644
4.33864 4.28756 -0.992644
-1.60613 5.33129 2.68143
-1.60613 5.33129 -2.68143
-4.33864 4.28756 -0.992644
-4.33864 4.28756 0.992644
1.45263e-17 -5.94478 1.68879
1.60613 -5.33129 2.68143
1.45263e-17 -5.94478 -1.68879
1.60613 -5.33129 -2.68143
4.33864 -4.28756 -0.992644
4.33864 -4.28756 0.992644
-1.60613 -5.33129 -2.68143
-1.60613 -5.33129 2.68143
-4.33864 -4.28756 0.992644
-4.33864 -4.28756 -0.992644
5.94478 1.68879 5.81051e-17
5.33129 2.68143 -1.60613
5.94478 -1.68879 5.81051e-17
5.33129 -2.68143 -1.60613
4.28756 -0.992644 -4.33864
4.28756 0.992644 -4.33864
5.33129 -2.68143 1.60613
5.33129 2.68143 1.60613
4.28756 0.992644 4.33864
4.28756 -0.992644 4.33864
-5.94478 1.68879 5.81051e-17
-5.33129 2.68143 1.60613
-5.94478 -1.68879 5.81051e-17
-5.33129 -2.68143 1.60613
-4.28756 -0.992644 4.33864
-4.28756 0.992644 4.33864
-5.33129 -2.68143 -1.60613
-5.33129 2.68143 -1.60613
-4.28756 0.992644 -4.33864
-4.28756 -0.992644 -4.33864
1.68879 1.38346e-17 5.94478
2.68143 -1.60613 5.33129
-1.68879 1.38346e-17 5.94478
-2.68143 -1.60613 5.33129
-0.992644 -4.33864 4.28756
0.992644 -4.33864 4.28756
-2.68143 1.60613 5.33129
2.68143 1.60613 5.33129
0.992644 4.33864 4.28756
-0.992644 4.33864 4.28756
1.68879 1.38346e-17 -5.94478
2.68143 1.60613 -5.33129
-1.68879 1.38346e-17 -5.94478
-2.68143 1.60613 -5.33129
-0.992644 4.33864 -4.28756
0.992644 4.33864 -4.28756
-2.68143 -1.60613 -5.33129
2.68143 -1.60613 -5.33129
0.992644 -4.33864 -4.28756
-0.992644 -4.33864 -4.28756
2.46957 5.64223 0.50876
2.46957 5.64223 -0.50876
1.64638 5.95666 5.81051e-17
-2.46957 5.64223 -0.50876
-2.46957 5.64223 0.50876
-1.64638 5.95666 5.81051e-17
2.46957 -5.64223 -0.50876
2.46957 -5.64223 0.50876
1.64638 -5.95666 5.81051e-17
-2.46957 -5.64223 0.50876
-2.46957 -5.64223 -0.50876
-1.64638 -5.95666 5.81051e-17
5.64223 -0.50876 -2.46957
5.64223 0.50876 -2.46957
5.95666 1.38346e-17 -1.64638
5.64223 0.50876 2.46957
5.64223 -0.50876 2.46957
5.95666 1.38346e-17 1.64638
-5.64223 -0.50876 2.46957
-5.64223 0.50876 2.46957
-5.95666 1.38346e-17 1.64638
-5.64223 0.50876 -2.46957
-5.64223 -0.50876 -2.46957
-5.95666 1.38346e-17 -1.64638
-0.50876 -2.46957 5.64223
0.50876 -2.46957 5.64223
1.45263e-17 -1.64638 5.95666
0.50876 2.46957 5.64223
-0.50876 2.46957 5.64223
1.45263e-17 1.64638 5.95666
-0.50876 2.46957 -5.64223
0.50876 2.46957 -5.64223
1.45263e-17 1.64638 -5.95666
0.50876 -2.46957 -5.64223
-0.50876 -2.46957 -5.64223
1.45263e-17 -1.64638 -5.95666
3.99585 3.17266 3.48709
3.48709 3.99585 3.17266
3.17266 3.48709 3.99585
-3.99585 3.17266 3.48709
-3.17266 3.48709 3.99585
-3.48709 3.99585 3.17266
3.99585 3.17266 -3.48709
3.17266 3.48709 -3.99585
3.48709 3.99585 -3.17266
-3.99585 3.17266 -3.48709
-3.48709 3.99585 -3.17266
-3.17266 3.48709 -3.99585
3.99585 -3.17266 3.48709
3.17266 -3.48709 3.99585
3.48709 -3.99585 3.17266
-3.99585 -3.17266 3.48709
-3.48709 -3.99585 3.17266
-3.17266 -3.48709 3.99585
3.99585 -3.17266 -3.48709
3.48709 -3.99585 -3.17266
3.17266 -3.48709 -3.99585
-3.99585 -3.17266 -3.48709
-3.17266 -3.48709 -3.99585
-3.48709 -3.99585 -3.17266
0.820655 5.97231 -1.36032
1.63203 5.66239 -1.86178
0.813628 5.7122 -2.21386
0.813628 5.7122 2.21386
1.63203 5.66239 1.86178
0.820655 5.97231 1.36032
3.83308 4.82166 0.501456
4.39572 4.34397 5.81051e-17
3.83308 4.82166 -0.501456
-0.820655 5.97231 1.36032
-1.63203 5.66239 1.86178
-0.813628 5.7122 2.21386
-0.813628 5.7122 -2.21386
-1.63203 5.66239 -1.86178
-0.820655 5.97231 -1.36032
-3.83308 4.82166 -0.501456
-4.39572 4.34397 5.81051e-17
-3.83308 4.82166 0.501456
0.820655 -5.97231 1.36032
1.63203 -5.66239 1.86178
0.813628 -5.7122 2.21386
0.813628 -5.7122 -2.21386
1.63203 -5.66239 -1.86178
0.820655 -5.97231 -1.36032
3.83308 -4.82166 -0.501456
4.39572 -4.34397 5.81051e-17
3.83308 -4.82166 0.501456
-0.820655 -5.97231 -1.36032
-1.63203 -5.66239 -1.86178
-0.813628 -5.7122 -2.21386
-0.813628 -5.7122 2.21386
-1.63203 -5.66239 1.86178
-0.820655 -5.97231 1.36032
-3.83308 -4.82166 0.501456
-4.39572 -4.34397 5.81051e-17
-3.83308 -4.82166 -0.501456
5.97231 1.36032 -0.820655
5.66239 1.86178 -1.63203
5.7122 2.21386 -0.813628
5.7122 -2.21386 -0.813628
5.66239 -1.86178 -1.63203
5.97231 -1.36032 -0.820655
4.82166 -0.501456 -3.83308
4.34397 1.38346e-17 -4.39572
4.82166 0.501456 -3.83308
5.97231 -1.36032 0.820655
5.66239 -1.86178 1.63203
5.7122 -2.21386 0.813628
5.7122 2.21386 0.813628
5.66239 1.86178 1.63203
5.97231 1.36032 0.820655
4.82166 0.501456 3.83308
4.34397 1.38346e-17 4.39572
4.82166 -0.501456 3.83308
-5.97231 1.36032 0.820655
-5.66239 1.86178 1.63203
-5.7122 2.21386 0.813628
-5.7122 -2.21386 0.813628
-5.66239 -1.86178 1.63203
-5.97231 -1.36032 0.820655
-4.82166 -0.501456 3.83308
-4.34397 1.38346e-17 4.39572
-4.82166 0.501456 3.83308
-5.97231 -1.36032 -0.820655
-5.66239 -1.86178 -1.63203
-5.7122 -2.21386 -0.813628
-5.7122 2.21386 -0.813628
-5.66239 1.86178 -1.63203
-5.97231 1.36032 -0.820655
-4.82166 0.501456 -3.83308
-4.34397 1.38346e-17 -4.39572
-4.82166 -0.501456 -3.83308
1.36032 -0.820655 5.97231
1.86178 -1.63203 5.66239
2.21386 -0.813628 5.7122
-2.21386 -0.813628 5.7122
-1.86178 -1.63203 5.66239
-1.36032 -0.820655 5.97231
-0.501456 -3.83308 4.82166
1.45263e-17 -4.39572 4.34397
0.501456 -3.83308 4.82166
-1.36032 0.820655 5.97231
-1.86178 1.63203 5.66239
-2.21386 0.813628 5.7122
2.21386 0.813628 5.7122
1.86178 1.63203 5.66239
1.36032 0.820655 5.97231
0.501456 3.83308 4.82166
1.45263e-17 4.39572 4.34397
-0.501456 3.83308 4.82166
1.36032 0.820655 -5.97231
1.86178 1.63203 -5.66239
2.21386 0.813628 -5.7122
-2.21386 0.813628 -5.7122
-1.86178 1.63203 -5.66239
-1.36032 0.820655 -5.97231
-0.501456 3.83308 -4.82166
1.45263e-17 4.39572 -4.34397
0.501456 3.83308 -4.82166
-1.36032 -0.820655 -5.97231
-1.86178 -1.63203 -5.66239
-2.21386 -0.813628 -5.7122
2.21386 -0.813628 -5.7122
1.86178 -1.63203 -5.66239
1.36032 -0.820655 -5.97231
0.501456 -3.83308 -4.82166
1.45263e-17 -4.39572 -4.34397
-0.501456 -3.83308 -4.82166
1.82931 4.34028 4.00101
2.13923 4.84173 3.18963
1.31648 4.89857 3.53034
3.53034 1.31648 4.89857
4.00101 1.82931 4.34028
3.18963 2.13923 4.84173
4.84173 3.18963 2.13923
4.89857 3.53034 1.31648
4.34028 4.00101 1.82931
-2.13923 4.84173 3.18963
-1.82931 4.34028 4.00101
-1.31648 4.89857 3.53034
-4.89857 3.53034 1.31648
-4.84173 3.18963 2.13923
-4.34028 4.00101 1.82931
-4.00101 1.82931 4.34028
-3.53034 1.31648 4.89857
-3.18963 2.13923 4.84173
2.13923 4.84173 -3.18963
1.82931 4.34028 -4.00101
1.31648 4.89857 -3.53034
4.89857 3.53034 -1.31648
4.84173 3.18963 -2.13923
4.34028 4.00101 -1.82931
4.00101 1.82931 -4.34028
3.53034 1.31648 -4.89857
3.18963 2.13923 -4.84173
-1.82931 4.34028 -4.00101
-2.13923 4.84173 -3.18963
-1.31648 4.89857 -3.53034
-3.53034 1.31648 -4.89857
-4.00101 1.82931 -4.34028
-3.18963 2.13923 -4.84173
-4.84173 3.18963 -2.13923
-4.89857 3.53034 -1.31648
-4.34028 4.00101 -1.82931
2.13923 -4.84173 3.18963
1.82931 -4.34028 4.00101
1.31648 -4.89857 3.53034
4.89857 -3.53034 1.31648
4.84173 -3.18963 2.13923
4.34028 -4.00101 1.82931
4.00101 -1.82931 4.34028
3.53034 -1.31648 4.89857
3.18963 -2.13923 4.84173
-1.82931 -4.34028 4.00101
-2.13923 -4.84173 3.18963
-1.31648 -4.89857 3.53034
-3.53034 -1.31648 4.89857
-4.00101 -1.82931 4.34028
-3.18963 -2.13923 4.84173
-4.84173 -3.18963 2.13923
-4.89857 -3.53034 1.31648
-4.34028 -4.00101 1.82931
1.82931 -4.34028 -4.00101
2.13923 -4.84173 -3.18963
1.31648 -4.89857 -3.53034
3.53034 -1.31648 -4.89857
4.00101 -1.82931 -4.34028
3.18963 -2.13923 -4.84173
4.84173 -3.18963 -2.13923
4.89857 -3.53034 -1.31648
4.34028 -4.00101 -1.82931
-2.13923 -4.84173 -3.18963
-1.82931 -4.34028 -4.00101
-1.31648 -4.89857 -3.53034
-4.89857 -3.53034 -1.31648
-4.84173 -3.18963 -2.13923
-4.34028 -4.00101 -1.82931
-4.00101 -1.82931 -4.34028
-3.53034 -1.31648 -4.89857
-3.18963 -2.13923 -4.84173
0.822379 6.10391 0.508259
0.822379 6.10391 -0.508259
2.38664 5.50642 1.47502
3.20901 5.1923 0.966762
3.20901 5.1923 -0.966762
2.38664 5.50642 -1.47502
-0.822379 6.10391 -0.508259
-0.822379 6.10391 0.508259
-2.38664 5.50642 -1.47502
-3.20901 5.1923 -0.966762
-3.20901 5.1923 0.966762
-2.38664 5.50642 1.47502
0.822379 -6.10391 -0.508259
0.822379 -6.10391 0.508259
2.38664 -5.50642 -1.47502
3.20901 -5.1923 -0.966762
3.20901 -5.1923 0.966762
2.38664 -5.50642 1.47502
-0.822379 -6.10391 0.508259
-0.822379 -6.10391 -0.508259
-2.38664 -5.50642 1.47502
-3.20901 -5.1923 0.966762
-3.20901 -5.1923 -0.966762
-2.38664 -5.50642 -1.47502
6.10391 -0.508259 -0.822379
6.10391 0.508259 -0.822379
5.50642 -1.47502 -2.38664
5.1923 -0.966762 -3.20901
5.1923 0.966762 -3.20901
5.50642 1.47502 -2.38664
6.10391 0.508259 0.822379
6.10391 -0.508259 0.822379
5.50642 1.47502 2.38664
5.1923 0.966762 3.20901
5.1923 -0.966762 3.20901
5.50642 -1.47502 2.38664
-6.10391 -0.508259 0.822379
-6.10391 0.508259 0.822379
-5.50642 -1.47502 2.38664
-5.1923 -0.966762 3.20901
-5.1923 0.966762 3.20901
-5.50642 1.47502 2.38664
-6.10391 0.508259 -0.822379
-6.10391 -0.508259 -0.822379
-5.50642 1.47502 -2.38664
-5.1923 0.966762 -3.20901
-5.1923 -0.966762 -3.20901
-5.50642 -1.47502 -2.38664
-0.508259 -0.822379 6.10391
0.508259 -0.822379 6.10391
-1.47502 -2.38664 5.50642
-0.966762 -3.20901 5.1923
0.966762 -3.20901 5.1923
1.47502 -2.38664 5.50642
0.508259 0.822379 6.10391
-0.508259 0.822379 6.10391
1.47502 2.38664 5.50642
0.966762 3.20901 5.1923
-0.966762 3.20901 5.1923
-1.47502 2.38664 5.50642
-0.508259 0.822379 -6.10391
0.508259 0.822379 -6.10391
-1.47502 2.38664 -5.50642
-0.966762 3.20901 -5.1923
0.966762 3.20901 -5.1923
1.47502 2.38664 -5.50642
0.508259 -0.822379 -6.10391
-0.508259 -0.822379 -6.10391
1.47502 -2.38664 -5.50642
0.966762 -3.20901 -5.1923
-0.966762 -3.20901 -5.1923
-1.47502 -2.38664 -5.50642
2.80566 2.8949 4.68404
2.2974 3.71728 4.36992
4.36992 2.2974 3.71728
4.68404 2.80566 2.8949
3.71728 4.36992 2.2974
2.8949 4.68404 2.80566
-3.71728 4.36992 2.2974
-2.8949 4.68404 2.80566
-4.68404 2.80566 2.8949
-4.36992 2.2974 3.71728
-2.80566 2.8949 4.68404
-2.2974 3.71728 4.36992
3.71728 4.36992 -2.2974
2.8949 4.68404 -2.80566
4.68404 2.80566 -2.8949
4.36992 2.2974 -3.71728
2.80566 2.8949 -4.68404
2.2974 3.71728 -4.36992
-2.80566 2.8949 -4.68404
-2.2974 3.71728 -4.36992
-4.36992 2.2974 -3.71728
-4.68404 2.80566 -2.8949
-3.71728 4.36992 -2.2974
-2.8949 4.68404 -2.80566
3.71728 -4.36992 2.2974
2.8949 -4.68404 2.80566
4.68404 -2.80566 2.8949
4.36992 -2.2974 3.71728
2.80566 -2.8949 4.68404
2.2974 -3.71728 4.36992
-2.80566 -2.8949 4.68404
-2.2974 -3.71728 4.36992
-4.36992 -2.2974 3.71728
-4.68404 -2.80566 2.8949
-3.71728 -4.36992 2.2974
-2.8949 -4.68404 2.80566
2.80566 -2.8949 -4.68404
2.2974 -3.71728 -4.36992
4.36992 -2.2974 -3.71728
4.68404 -2.80566 -2.8949
3.71728 -4.36992 -2.2974
2.8949 -4.68404 -2.80566
-3.71728 -4.36992 -2.2974
-2.8949 -4.68404 -2.80566
-4.68404 -2.80566 -2.8949
-4.36992 -2.2974 -3.71728
-2.80566 -2.8949 -4.68404
-2.2974 -3.71728 -4.36992
1.45263e-17 5.65497 -2.49273
0.810816 5.34526 -2.99385
1.45263e-17 6.12091 -0.852543
2.37073 5.21537 -2.31774
1.45263e-17 6.12091 0.852543
1.45263e-17 5.65497 2.49273
0.810816 5.34526 2.99385
2.37073 5.21537 2.31774
3.75018 4.68847 -1.46519
3.75018 4.68847 1.46519
4.84415 3.80467 0.501113
4.84415 3.80467 -0.501113
-0.810816 5.34526 2.99385
-2.37073 5.21537 2.31774
-0.810816 5.34526 -2.99385
-2.37073 5.21537 -2.31774
-3.75018 4.68847 1.46519
-3.75018 4.68847 -1.46519
-4.84415 3.80467 -0.501113
-4.84415 3.80467 0.501113
1.45263e-17 -5.65497 2.49273
0.810816 -5.34526 2.99385
1.45263e-17 -6.12091 0.852543
2.37073 -5.21537 2.31774
1.45263e-17 -6.12091 -0.852543
1.45263e-17 -5.65497 -2.49273
0.810816 -5.34526 -2.99385
2.37073 -5.21537 -2.31774
3.75018 -4.68847 1.46519
3.75018 -4.68847 -1.46519
4.84415 -3.80467 -0.501113
4.84415 -3.80467 0.501113
-0.810816 -5.34526 -2.99385
-2.37073 -5.21537 -2.31774
-0.810816 -5.34526 2.99385
-2.37073 -5.21537 2.31774
-3.75018 -4.68847 -1.46519
-3.75018 -4.68847 1.46519
-4.84415 -3.80467 0.501113
-4.84415 -3.80467 -0.501113
5.65497 2.49273 5.81051e-17
5.34526 2.99385 -0.810816
6.12091 0.852543 5.81051e-17
5.21537 2.31774 -2.37073
6.12091 -0.852543 5.81051e-17
5.65497 -2.49273 5.81051e-17
5.34526 -2.99385 -0.810816
5.21537 -2.31774 -2.37073
4.68847 1.46519 -3.75018
4.68847 -1.46519 -3.75018
3.80467 -0.501113 -4.84415
3.80467 0.501113 -4.84415
5.34526 -2.99385 0.810816
5.21537 -2.31774 2.37073
5.34526 2.99385 0.810816
5.21537 2.31774 2.37073
4.68847 -1.46519 3.75018
4.68847 1.46519 3.75018
3.80467 0.501113 4.84415
3.80467 -0.501113 4.84415
-5.65497 2.49273 5.81051e-17
-5.34526 2.99385 0.810816
-6.12091 0.852543 5.81051e-17
-5.21537 2.31774 2.37073
-6.12091 -0.852543 5.81051e-17
-5.65497 -2.49273 5.81051e-17
-5.34526 -2.99385 0.810816
-5.21537 -2.31774 2.37073
-4.68847 1.46519 3.75018
-4.68847 -1.46519 3.75018
-3.80467 -0.501113 4.84415
-3.80467 0.501113 4.84415
-5.34526 -2.99385 -0.810816
-5.21537 -2.31774 -2.37073
-5.34526 2.99385 -0.810816
-5.21537 2.31774 -2.37073
-4.68847 -1.46519 -3.75018
-4.68847 1.46519 -3.75018
-3.80467 0.501113 -4.84415
-3.80467 -0.501113 -4.84415
2.49273 1.38346e-17 5.65497
2.99385 -0.810816 5.34526
0.852543 1.38346e-17 6.12091
2.31774 -2.37073 5.21537
-0.852543 1.38346e-17 6.12091
-2.49273 1.38346e-17 5.65497
-2.99385 -0.810816 5.34526
-2.31774 -2.37073 5.21537
1.46519 -3.75018 4.68847
-1.46519 -3.75018 4.68847
-0.501113 -4.84415 3.80467
0.501113 -4.84415 3.80467
-2.99385 0.810816 5.34526
-2.31774 2.37073 5.21537
2.99385 0.810816 5.34526
2.31774 2.37073 5.21537
-1.46519 3.75018 4.68847
1.46519 3.75018 4.68847
0.501113 4.84415 3.80467
-0.501113 4.84415 3.80467
2.49273 1.38346e-17 -5.65497
2.99385 0.810816 -5.34526
0.852543 1.38346e-17 -6.12091
2.31774 2.37073 -5.21537
-0.852543 1.38346e-17 -6.12091
-2.49273 1.38346e-17 -5.65497
-2.99385 0.810816 -5.34526
-2.31774 2.37073 -5.21537
1.46519 3.75018 -4.68847
-1.46519 3.75018 -4.68847
-0.501113 4.84415 -3.80467
0.501113 4.84415 -3.80467
-2.99385 -0.810816 -5.34526
-2.31774 -2.37073 -5.21537
2.99385 -0.810816 -5.34526
2.31774 -2.37073 -5.21537
-1.46519 -3.75018 -4.68847
1.46519 -3.75018 -4.68847
0.501113 -4.84415 -3.80467
-0.501113 -4.84415 -3.80467
163 164 165 1 0 1e-06 2.50022e-13
166 167 168 1 0 1e-06 2.50022e-13
169 170 171 1 0 1e-06 2.50022e-13
172 173 174 1 0 1e-06 2.50022e-13
175 176 177 1 0 1e-06 2.50022e-13
178 179 180 1 0 1e-06 2.50022e-13
181 182 183 1 0 1e-06 2.50022e-13
184 185 186 1 0 1e-06 2.50022e-13
187 188 189 1 0 1e-06 2.50022e-13
190 191 192 1 0 1e-06 2.50022e-13
193 194 195 1 0 1e-06 2.50022e-13
196 197 198 1 0 1e-06 2.50022e-13
199 200 201 1 0 1e-06 2.50022e-13
202 203 204 1 0 1e-06 2.50022e-13
205 206 207 1 0 1e-06 2.50022e-13
208 209 210 1 0 1e-06 2.50022e-13
211 212 213 1 0 1e-06 2.50022e-13
214 215 216 1 0 1e-06 2.50022e-13
217 218 219 1 0 1e-06 2.50022e-13
220 221 222 1 0 1e-06 2.50022e-13
223 224 225 1 0 1e-06 2.50022e-13
226 227 228 1 0 1e-06 2.50022e-13
229 230 231 1 0 1e-06 2.50022e-13
232 233 234 1 0 1e-06 2.50022e-13
235 236 237 1 0 1e-06 2.50022e-13
238 239 240 1 0 1e-06 2.50022e-13
241 242 243 1 0 1e-06 2.50022e-13
244 245 246 1 0 1e-06 2.50022e-13
247 248 249 1 0 1e-06 2.50022e-13
250 251 252 1 0 1e-06 2.50022e-13
253 254 255 1 0 1e-06 2.50022e-13
256 257 258 1 0 1e-06 2.50022e-13
259 260 261 1 0 1e-06 2.50022e-13
262 263 264 1 0 1e-06 2.50022e-13
265 266 267 1 0 1e-06 2.50022e-13
268 269 270 1 0 1e-06 2.50022e-13
271 272 273 1 0 1e-06 2.50022e-13
274 275 276 1 0 1e-06 2.50022e-13
277 278 279 1 0 1e-06 2.50022e-13
280 281 282 1 0 1e-06 2.50022e-13
283 284 285 1 0 1e-06 2.50022e-13
286 287 288 1 0 1e-06 2.50022e-13
289 290 291 1 0 1e-06 2.50022e-13
292 293 294 1 0 1e-06 2.50022e-13
295 296 297 1 0 1e-06 2.50022e-13
298 299 300 1 0 1e-06 2.50022e-13
301 302 303 1 0 1e-06 2.50022e-13
304 305 306 1 0 1e-06 2.50022e-13
307 308 309 1 0 1e-06 2.50022e-13
310 311 312 1 0 1e-06 2.50022e-13
313 314 315 1 0 1e-06 2.50022e-13
316 317 318 1 0 1e-06 2.50022e-13
319 320 321 1 0 1e-06 2.50022e-13
322 323 324 1 0 1e-06 2.50022e-13
325 326 327 1 0 1e-06 2.50022e-13
328 329 330 1 0 1e-06 2.50022e-13
331 332 333 1 0 1e-06 2.50022e-13
334 335 336 1 0 1e-06 2.50022e-13
337 338 339 1 0 1e-06 2.50022e-13
340 341 342 1 0 1e-06 2.50022e-13
343 344 345 1 0 1e-06 2.50022e-13
346 347 348 1 0 1e-06 2.50022e-13
349 350 351 1 0 1e-06 2.50022e-13
352 353 354 1 0 1e-06 2.50022e-13
355 356 357 1 0 1e-06 2.50022e-13
358 359 360 1 0 1e-06 2.50022e-13
361 362 363 1 0 1e-06 2.50022e-13
364 365 366 1 0 1e-06 2.50022e-13
367 368 369 1 0 1e-06 2.50022e-13
370 371 372 1 0 1e-06 2.50022e-13
373 374 375 1 0 1e-06 2.50022e-13
376 377 378 1 0 1e-06 2.50022e-13
379 380 381 1 0 1e-06 2.50022e-13
382 383 384 1 0 1e-06 2.50022e-13
385 386 387 1 0 1e-06 2.50022e-13
388 389 390 1 0 1e-06 2.50022e-13
391 392 393 1 0 1e-06 2.50022e-13
394 395 396 1 0 1e-06 2.50022e-13
397 398 399 1 0 1e-06 2.50022e-13
400 401 402 1 0 1e-06 2.50022e-13
403 165 404 1 0 1e-06 2.50022e-13
405 406 163 1 0 1e-06 2.50022e-13
164 407 408 1 0 1e-06 2.50022e-13
409 168 410 1 0 1e-06 2.50022e-13
411 412 166 1 0 1e-06 2.50022e-13
167 413 414 1 0 1e-06 2.50022e-13
415 171 416 1 0 1e-06 2.50022e-13
417 418 169 1 0 1e-06 2.50022e-13
170 419 420 1 0 1e-06 2.50022e-13
421 174 422 1 0 1e-06 2.50022e-13
423 424 172 1 0 1e-06 2.50022e-13
173 425 426 1 0 1e-06 2.50022e-13
427 177 428 1 0 1e-06 2.50022e-13
429 430 175 1 0 1e-06 2.50022e-13
176 431 432 1 0 1e-06 2.50022e-13
433 180 434 1 0 1e-06 2.50022e-13
435 436 178 1 0 1e-06 2.50022e-13
179 437 438 1 0 1e-06 2.50022e-13
439 183 440 1 0 1e-06 2.50022e-13
441 442 181 1 0 1e-06 2.50022e-13
182 443 444 1 0 1e-06 2.50022e-13
445 186 446 1 0 1e-06 2.50022e-13
447 448 184 1 0 1e-06 2.50022e-13
185 449 450 1 0 1e-06 2.50022e-13
451 189 452 1 0 1e-06 2.50022e-13
453 454 187 1 0 1e-06 2.50022e-13
188 455 456 1 0 1e-06 2.50022e-13
457 192 458 1 0 1e-06 2.50022e-13
459 460 190 1 0 1e-06 2.50022e-13
191 461 462 1 0 1e-06 2.50022e-13
463 195 464 1 0 1e-06 2.50022e-13
465 466 193 1 0 1e-06 2.50022e-13
194 467 468 1 0 1e-06 2.50022e-13
469 198 470 1 0 1e-06 2.50022e-13
471 472 196 1 0 1e-06 2.50022e-13
197 473 474 1 0 1e-06 2.50022e-13
475 201 476 1 0 1e-06 2.50022e-13
477 478 199 1 0 1e-06 2.50022e-13
200 479 480 1 0 1e-06 2.50022e-13
481 204 482 1 0 1e-06 2.50022e-13
483 484 202 1 0 1e-06 2.50022e-13
203 485 486 1 0 1e-06 2.50022e-13
487 207 488 1 0 1e-06 2.50022e-13
489 490 205 1 0 1e-06 2.50022e-13
206 491 492 1 0 1e-06 2.50022e-13
493 210 494 1 0 1e-06 2.50022e-13
495 496 208 1 0 1e-06 2.50022e-13
209 497 498 1 0 1e-06 2.50022e-13
499 213 500 1 0 1e-06 2.50022e-13
501 502 211 1 0 1e-06 2.50022e-13
212 503 504 1 0 1e-06 2.50022e-13
505 216 506 1 0 1e-06 2.50022e-13
507 508 214 1 0 1e-06 2.50022e-13
215 509 510 1 0 1e-06 2.50022e-13
511 219 512 1 0 1e-06 2.50022e-13
513 514 217 1 0 1e-06 2.50022e-13
218 515 516 1 0 1e-06 2.50022e-13
517 222 518 1 0 1e-06 2.50022e-13
519 520 220 1 0 1e-06 2.50022e-13
221 521 522 1 0 1e-06 2.50022e-13
523 225 524 1 0 1e-06 2.50022e-13
525 404 223 1 0 1e-06 2.50022e-13
224 408 526 1 0 1e-06 2.50022e-13
527 228 403 1 0 1e-06 2.50022e-13
528 529 226 1 0 1e-06 2.50022e-13
227 530 405 1 0 1e-06 2.50022e-13
407 231 531 1 0 1e-06 2.50022e-13
406 532 229 1 0 1e-06 2.50022e-13
230 533 534 1 0 1e-06 2.50022e-13
528 234 535 1 0 1e-06 2.50022e-13
527 410 232 1 0 1e-06 2.50022e-13
233 414 536 1 0 1e-06 2.50022e-13
525 237 409 1 0 1e-06 2.50022e-13
523 537 235 1 0 1e-06 2.50022e-13
236 538 411 1 0 1e-06 2.50022e-13
413 240 539 1 0 1e-06 2.50022e-13
412 540 238 1 0 1e-06 2.50022e-13
239 541 542 1 0 1e-06 2.50022e-13
543 243 544 1 0 1e-06 2.50022e-13
545 416 241 1 0 1e-06 2.50022e-13
242 420 546 1 0 1e-06 2.50022e-13
547 246 415 1 0 1e-06 2.50022e-13
548 549 244 1 0 1e-06 2.50022e-13
245 550 417 1 0 1e-06 2.50022e-13
419 249 551 1 0 1e-06 2.50022e-13
418 552 247 1 0 1e-06 2.50022e-13
248 553 554 1 0 1e-06 2.50022e-13
548 252 555 1 0 1e-06 2.50022e-13
547 422 250 1 0 1e-06 2.50022e-13
251 426 556 1 0 1e-06 2.50022e-13
545 255 421 1 0 1e-06 2.50022e-13
543 557 253 1 0 1e-06 2.50022e-13
254 558 423 1 0 1e-06 2.50022e-13
425 258 559 1 0 1e-06 2.50022e-13
424 560 256 1 0 1e-06 2.50022e-13
257 561 562 1 0 1e-06 2.50022e-13
563 261 564 1 0 1e-06 2.50022e-13
565 428 259 1 0 1e-06 2.50022e-13
260 432 566 1 0 1e-06 2.50022e-13
567 264 427 1 0 1e-06 2.50022e-13
568 569 262 1 0 1e-06 2.50022e-13
263 570 429 1 0 1e-06 2.50022e-13
431 267 571 1 0 1e-06 2.50022e-13
430 572 265 1 0 1e-06 2.50022e-13
266 573 574 1 0 1e-06 2.50022e-13
568 270 575 1 0 1e-06 2.50022e-13
567 434 268 1 0 1e-06 2.50022e-13
269 438 576 1 0 1e-06 2.50022e-13
565 273 433 1 0 1e-06 2.50022e-13
563 577 271 1 0 1e-06 2.50022e-13
272 578 435 1 0 1e-06 2.50022e-13
437 276 579 1 0 1e-06 2.50022e-13
436 580 274 1 0 1e-06 2.50022e-13
275 581 582 1 0 1e-06 2.50022e-13
583 279 584 1 0 1e-06 2.50022e-13
585 440 277 1 0 1e-06 2.50022e-13
278 444 586 1 0 1e-06 2.50022e-13
587 282 439 1 0 1e-06 2.50022e-13
588 589 280 1 0 1e-06 2.50022e-13
281 590 441 1 0 1e-06 2.50022e-13
443 285 591 1 0 1e-06 2.50022e-13
442 592 283 1 0 1e-06 2.50022e-13
284 593 594 1 0 1e-06 2.50022e-13
588 288 595 1 0 1e-06 2.50022e-13
587 446 286 1 0 1e-06 2.50022e-13
287 450 596 1 0 1e-06 2.50022e-13
585 291 445 1 0 1e-06 2.50022e-13
583 597 289 1 0 1e-06 2.50022e-13
290 598 447 1 0 1e-06 2.50022e-13
449 294 599 1 0 1e-06 2.50022e-13
448 600 292 1 0 1e-06 2.50022e-13
293 601 602 1 0 1e-06 2.50022e-13
603 297 604 1 0 1e-06 2.50022e-13
605 452 295 1 0 1e-06 2.50022e-13
296 456 606 1 0 1e-06 2.50022e-13
607 300 451 1 0 1e-06 2.50022e-13
608 609 298 1 0 1e-06 2.50022e-13
299 610 453 1 0 1e-06 2.50022e-13
455 303 611 1 0 1e-06 2.50022e-13
454 612 301 1 0 1e-06 2.50022e-13
302 613 614 1 0 1e-06 2.50022e-13
608 306 615 1 0 1e-06 2.50022e-13
607 458 304 1 0 1e-06 2.50022e-13
305 462 616 1 0 1e-06 2.50022e-13
605 309 457 1 0 1e-06 2.50022e-13
603 617 307 1 0 1e-06 2.50022e-13
308 618 459 1 0 1e-06 2.50022e-13
461 312 619 1 0 1e-06 2.50022e-13
460 620 310 1 0 1e-06 2.50022e-13
311 621 622 1 0 1e-06 2.50022e-13
623 315 624 1 0 1e-06 2.50022e-13
625 464 313 1 0 1e-06 2.50022e-13
314 468 626 1 0 1e-06 2.50022e-13
627 318 463 1 0 1e-06 2.50022e-13
628 629 316 1 0 1e-06 2.50022e-13
317 630 465 1 0 1e-06 2.50022e-13
467 321 631 1 0 1e-06 2.50022e-13
466 632 319 1 0 1e-06 2.50022e-13
320 633 634 1 0 1e-06 2.50022e-13
628 324 635 1 0 1e-06 2.50022e-13
627 470 322 1 0 1e-06 2.50022e-13
323 474 636 1 0 1e-06 2.50022e-13
625 327 469 1 0 1e-06 2.50022e-13
623 637 325 1 0 1e-06 2.50022e-13
326 638 471 1 0 1e-06 2.50022e-13
473 330 639 1 0 1e-06 2.50022e-13
472 640 328 1 0 1e-06 2.50022e-13
329 641 642 1 0 1e-06 2.50022e-13
621 333 529 1 0 1e-06 2.50022e-13
620 476 331 1 0 1e-06 2.50022e-13
332 480 530 1 0 1e-06 2.50022e-13
618 336 475 1 0 1e-06 2.50022e-13
617 581 334 1 0 1e-06 2.50022e-13
335 580 477 1 0 1e-06 2.50022e-13
479 339 532 1 0 1e-06 2.50022e-13
478 578 337 1 0 1e-06 2.50022e-13
338 577 533 1 0 1e-06 2.50022e-13
535 342 622 1 0 1e-06 2.50022e-13
536 482 340 1 0 1e-06 2.50022e-13
341 486 619 1 0 1e-06 2.50022e-13
539 345 481 1 0 1e-06 2.50022e-13
542 584 343 1 0 1e-06 2.50022e-13
344 586 483 1 0 1e-06 2.50022e-13
485 348 616 1 0 1e-06 2.50022e-13
484 591 346 1 0 1e-06 2.50022e-13
347 594 615 1 0 1e-06 2.50022e-13
524 351 634 1 0 1e-06 2.50022e-13
526 488 349 1 0 1e-06 2.50022e-13
350 492 631 1 0 1e-06 2.50022e-13
531 354 487 1 0 1e-06 2.50022e-13
534 564 352 1 0 1e-06 2.50022e-13
353 566 489 1 0 1e-06 2.50022e-13
491 357 626 1 0 1e-06 2.50022e-13
490 571 355 1 0 1e-06 2.50022e-13
356 574 624 1 0 1e-06 2.50022e-13
633 360 537 1 0 1e-06 2.50022e-13
632 494 358 1 0 1e-06 2.50022e-13
359 498 538 1 0 1e-06 2.50022e-13
630 363 493 1 0 1e-06 2.50022e-13
629 601 361 1 0 1e-06 2.50022e-13
362 600 495 1 0 1e-06 2.50022e-13
497 366 540 1 0 1e-06 2.50022e-13
496 598 364 1 0 1e-06 2.50022e-13
365 597 541 1 0 1e-06 2.50022e-13
544 369 614 1 0 1e-06 2.50022e-13
546 500 367 1 0 1e-06 2.50022e-13
368 504 611 1 0 1e-06 2.50022e-13
551 372 499 1 0 1e-06 2.50022e-13
554 575 370 1 0 1e-06 2.50022e-13
371 576 501 1 0 1e-06 2.50022e-13
503 375 606 1 0 1e-06 2.50022e-13
502 579 373 1 0 1e-06 2.50022e-13
374 582 604 1 0 1e-06 2.50022e-13
613 378 557 1 0 1e-06 2.50022e-13
612 506 376 1 0 1e-06 2.50022e-13
377 510 558 1 0 1e-06 2.50022e-13
610 381 505 1 0 1e-06 2.50022e-13
609 593 379 1 0 1e-06 2.50022e-13
380 592 507 1 0 1e-06 2.50022e-13
509 384 560 1 0 1e-06 2.50022e-13
508 590 382 1 0 1e-06 2.50022e-13
383 589 561 1 0 1e-06 2.50022e-13
641 387 549 1 0 1e-06 2.50022e-13
640 512 385 1 0 1e-06 2.50022e-13
386 516 550 1 0 1e-06 2.50022e-13
638 390 511 1 0 1e-06 2.50022e-13
637 573 388 1 0 1e-06 2.50022e-13
389 572 513 1 0 1e-06 2.50022e-13
515 393 552 1 0 1e-06 2.50022e-13
514 570 391 1 0 1e-06 2.50022e-13
392 569 553 1 0 1e-06 2.50022e-13
555 396 642 1 0 1e-06 2.50022e-13
556 518 394 1 0 1e-06 2.50022e-13
395 522 639 1 0 1e-06 2.50022e-13
559 399 517 1 0 1e-06 2.50022e-13
562 595 397 1 0 1e-06 2.50022e-13
398 596 519 1 0 1e-06 2.50022e-13
521 402 636 1 0 1e-06 2.50022e-13
520 599 400 1 0 1e-06 2.50022e-13
401 602 635 1 0 1e-06 2.50022e-13
43 163 165 1 0 1e-06 2.50022e-13
163 44 164 1 0 1e-06 2.50022e-13
165 164 45 1 0 1e-06 2.50022e-13
46 166 168 1 0 1e-06 2.50022e-13
166 47 167 1 0 1e-06 2.50022e-13
168 167 48 1 0 1e-06 2.50022e-13
49 169 171 1 0 1e-06 2.50022e-13
169 50 170 1 0 1e-06 2.50022e-13
171 170 51 1 0 1e-06 2.50022e-13
52 172 174 1 0 1e-06 2.50022e-13
172 53 173 1 0 1e-06 2.50022e-13
174 173 54 1 0 1e-06 2.50022e-13
55 175 177 1 0 1e-06 2.50022e-13
175 56 176 1 0 1e-06 2.50022e-13
177 176 57 1 0 1e-06 2.50022e-13
58 178 180 1 0 1e-06 2.50022e-13
178 59 179 1 0 1e-06 2.50022e-13
180 179 60 1 0 1e-06 2.50022e-13
61 181 183 1 0 1e-06 2.50022e-13
181 62 182 1 0 1e-06 2.50022e-13
183 182 63 1 0 1e-06 2.50022e-13
64 184 186 1 0 1e-06 2.50022e-13
184 65 185 1 0 1e-06 2.50022e-13
186 185 66 1 0 1e-06 2.50022e-13
67 187 189 1 0 1e-06 2.50022e-13
187 68 188 1 0 1e-06 2.50022e-13
189 188 69 1 0 1e-06 2.50022e-13
70 190 192 1 0 1e-06 2.50022e-13
190 71 191 1 0 1e-06 2.50022e-13
192 191 72 1 0 1e-06 2.50022e-13
73 193 195 1 0 1e-06 2.50022e-13
193 74 194 1 0 1e-06 2.50022e-13
195 194 75 1 0 1e-06 2.50022e-13
76 196 198 1 0 1e-06 2.50022e-13
196 77 197 1 0 1e-06 2.50022e-13
198 197 78 1 0 1e-06 2.50022e-13
79 199 201 1 0 1e-06 2.50022e-13
199 80 200 1 0 1e-06 2.50022e-13
201 200 81 1 0 1e-06 2.50022e-13
82 202 204 1 0 1e-06 2.50022e-13
202 83 203 1 0 1e-06 2.50022e-13
204 203 84 1 0 1e-06 2.50022e-13
85 205 207 1 0 1e-06 2.50022e-13
205 86 206 1 0 1e-06 2.50022e-13
207 206 87 1 0 1e-06 2.50022e-13
88 208 210 1 0 1e-06 2.50022e-13
208 89 209 1 0 1e-06 2.50022e-13
210 209 90 1 0 1e-06 2.50022e-13
91 211 213 1 0 1e-06 2.50022e-13
211 92 212 1 0 1e-06 2.50022e-13
213 212 93 1 0 1e-06 2.50022e-13
94 214 216 1 0 1e-06 2.50022e-13
214 95 215 1 0 1e-06 2.50022e-13
216 215 96 1 0 1e-06 2.50022e-13
97 217 219 1 0 1e-06 2.50022e-13
217 98 218 1 0 1e-06 2.50022e-13
219 218 99 1 0 1e-06 2.50022e-13
100 220 222 1 0 1e-06 2.50022e-13
220 101 221 1 0 1e-06 2.50022e-13
222 221 102 1 0 1e-06 2.50022e-13
103 223 225 1 0 1e-06 2.50022e-13
223 45 224 1 0 1e-06 2.50022e-13
225 224 104 1 0 1e-06 2.50022e-13
105 226 228 1 0 1e-06 2.50022e-13
226 106 227 1 0 1e-06 2.50022e-13
228 227 43 1 0 1e-06 2.50022e-13
44 229 231 1 0 1e-06 2.50022e-13
229 107 230 1 0 1e-06 2.50022e-13
231 230 108 1 0 1e-06 2.50022e-13
105 232 234 1 0 1e-06 2.50022e-13
232 48 233 1 0 1e-06 2.50022e-13
234 233 109 1 0 1e-06 2.50022e-13
103 235 237 1 0 1e-06 2.50022e-13
235 110 236 1 0 1e-06 2.50022e-13
237 236 46 1 0 1e-06 2.50022e-13
47 238 240 1 0 1e-06 2.50022e-13
238 111 239 1 0 1e-06 2.50022e-13
240 239 112 1 0 1e-06 2.50022e-13
113 241 243 1 0 1e-06 2.50022e-13
241 51 242 1 0 1e-06 2.50022e-13
243 242 114 1 0 1e-06 2.50022e-13
115 244 246 1 0 1e-06 2.50022e-13
244 116 245 1 0 1e-06 2.50022e-13
246 245 49 1 0 1e-06 2.50022e-13
50 247 249 1 0 1e-06 2.50022e-13
247 117 248 1 0 1e-06 2.50022e-13
249 248 118 1 0 1e-06 2.50022e-13
115 250 252 1 0 1e-06 2.50022e-13
250 54 251 1 0 1e-06 2.50022e-13
252 251 119 1 0 1e-06 2.50022e-13
113 253 255 1 0 1e-06 2.50022e-13
253 120 254 1 0 1e-06 2.50022e-13
255 254 52 1 0 1e-06 2.50022e-13
53 256 258 1 0 1e-06 2.50022e-13
256 121 257 1 0 1e-06 2.50022e-13
258 257 122 1 0 1e-06 2.50022e-13
123 259 261 1 0 1e-06 2.50022e-13
259 57 260 1 0 1e-06 2.50022e-13
261 260 124 1 0 1e-06 2.50022e-13
125 262 264 1 0 1e-06 2.50022e-13
262 126 263 1 0 1e-06 2.50022e-13
264 263 55 1 0 1e-06 2.50022e-13
56 265 267 1 0 1e-06 2.50022e-13
265 127 266 1 0 1e-06 2.50022e-13
267 266 128 1 0 1e-06 2.50022e-13
125 268 270 1 0 1e-06 2.50022e-13
268 60 269 1 0 1e-06 2.50022e-13
270 269 129 1 0 1e-06 2.50022e-13
123 271 273 1 0 1e-06 2.50022e-13
271 130 272 1 0 1e-06 2.50022e-13
273 272 58 1 0 1e-06 2.50022e-13
59 274 276 1 0 1e-06 2.50022e-13
274 131 275 1 0 1e-06 2.50022e-13
276 275 132 1 0 1e-06 2.50022e-13
133 277 279 1 0 1e-06 2.50022e-13
277 63 278 1 0 1e-06 2.50022e-13
279 278 134 1 0 1e-06 2.50022e-13
135 280 282 1 0 1e-06 2.50022e-13
280 136 281 1 0 1e-06 2.50022e-13
282 281 61 1 0 1e-06 2.50022e-13
62 283 285 1 0 1e-06 2.50022e-13
283 137 284 1 0 1e-06 2.50022e-13
285 284 138 1 0 1e-06 2.50022e-13
135 286 288 1 0 1e-06 2.50022e-13
286 66 287 1 0 1e-06 2.50022e-13
288 287 139 1 0 1e-06 2.50022e-13
133 289 291 1 0 1e-06 2.50022e-13
289 140 290 1 0 1e-06 2.50022e-13
291 290 64 1 0 1e-06 2.50022e-13
65 292 294 1 0 1e-06 2.50022e-13
292 141 293 1 0 1e-06 2.50022e-13
294 293 142 1 0 1e-06 2.50022e-13
143 295 297 1 0 1e-06 2.50022e-13
295 69 296 1 0 1e-06 2.50022e-13
297 296 144 1 0 1e-06 2.50022e-13
145 298 300 1 0 1e-06 2.50022e-13
298 146 299 1 0 1e-06 2.50022e-13
300 299 67 1 0 1e-06 2.50022e-13
68 301 303 1 0 1e-06 2.50022e-13
301 147 302 1 0 1e-06 2.50022e-13
303 302 148 1 0 1e-06 2.50022e-13
145 304 306 1 0 1e-06 2.50022e-13
304 72 305 1 0 1e-06 2.50022e-13
306 305 149 1 0 1e-06 2.50022e-13
143 307 309 1 0 1e-06 2.50022e-13
307 150 308 1 0 1e-06 2.50022e-13
309 308 70 1 0 1e-06 2.50022e-13
71 310 312 1 0 1e-06 2.50022e-13
310 151 311 1 0 1e-06 2.50022e-13
312 311 152 1 0 1e-06 2.50022e-13
153 313 315 1 0 1e-06 2.50022e-13
313 75 314 1 0 1e-06 2.50022e-13
315 314 154 1 0 1e-06 2.50022e-13
155 316 318 1 0 1e-06 2.50022e-13
316 156 317 1 0 1e-06 2.50022e-13
318 317 73 1 0 1e-06 2.50022e-13
74 319 321 1 0 1e-06 2.50022e-13
319 157 320 1 0 1e-06 2.50022e-13
321 320 158 1 0 1e-06 2.50022e-13
155 322 324 1 0 1e-06 2.50022e-13
322 78 323 1 0 1e-06 2.50022e-13
324 323 159 1 0 1e-06 2.50022e-13
153 325 327 1 0 1e-06 2.50022e-13
325 160 326 1 0 1e-06 2.50022e-13
327 326 76 1 0 1e-06 2.50022e-13
77 328 330 1 0 1e-06 2.50022e-13
328 161 329 1 0 1e-06 2.50022e-13
330 329 162 1 0 1e-06 2.50022e-13
151 331 333 1 0 1e-06 2.50022e-13
331 81 332 1 0 1e-06 2.50022e-13
333 332 106 1 0 1e-06 2.50022e-13
150 334 336 1 0 1e-06 2.50022e-13
334 131 335 1 0 1e-06 2.50022e-13
336 335 79 1 0 1e-06 2.50022e-13
80 337 339 1 0 1e-06 2.50022e-13
337 130 338 1 0 1e-06 2.50022e-13
339 338 107 1 0 1e-06 2.50022e-13
109 340 342 1 0 1e-06 2.50022e-13
340 84 341 1 0 1e-06 2.50022e-13
342 341 152 1 0 1e-06 2.50022e-13
112 343 345 1 0 1e-06 2.50022e-13
343 134 344 1 0 1e-06 2.50022e-13
345 344 82 1 0 1e-06 2.50022e-13
83 346 348 1 0 1e-06 2.50022e-13
346 138 347 1 0 1e-06 2.50022e-13
348 347 149 1 0 1e-06 2.50022e-13
104 349 351 1 0 1e-06 2.50022e-13
349 87 350 1 0 1e-06 2.50022e-13
351 350 158 1 0 1e-06 2.50022e-13
108 352 354 1 0 1e-06 2.50022e-13
352 124 353 1 0 1e-06 2.50022e-13
354 353 85 1 0 1e-06 2.50022e-13
86 355 357 1 0 1e-06 2.50022e-13
355 128 356 1 0 1e-06 2.50022e-13
357 356 154 1 0 1e-06 2.50022e-13
157 358 360 1 0 1e-06 2.50022e-13
358 90 359 1 0 1e-06 2.50022e-13
360 359 110 1 0 1e-06 2.50022e-13
156 361 363 1 0 1e-06 2.50022e-13
361 141 362 1 0 1e-06 2.50022e-13
363 362 88 1 0 1e-06 2.50022e-13
89 364 366 1 0 1e-06 2.50022e-13
364 140 365 1 0 1e-06 2.50022e-13
366 365 111 1 0 1e-06 2.50022e-13
114 367 369 1 0 1e-06 2.50022e-13
367 93 368 1 0 1e-06 2.50022e-13
369 368 148 1 0 1e-06 2.50022e-13
118 370 372 1 0 1e-06 2.50022e-13
370 129 371 1 0 1e-06 2.50022e-13
372 371 91 1 0 1e-06 2.50022e-13
92 373 375 1 0 1e-06 2.50022e-13
373 132 374 1 0 1e-06 2.50022e-13
375 374 144 1 0 1e-06 2.50022e-13
147 376 378 1 0 1e-06 2.50022e-13
376 96 377 1 0 1e-06 2.50022e-13
378 377 120 1 0 1e-06 2.50022e-13
146 379 381 1 0 1e-06 2.50022e-13
379 137 380 1 0 1e-06 2.50022e-13
381 380 94 1 0 1e-06 2.50022e-13
95 382 384 1 0 1e-06 2.50022e-13
382 136 383 1 0 1e-06 2.50022e-13
384 383 121 1 0 1e-06 2.50022e-13
161 385 387 1 0 1e-06 2.50022e-13
385 99 386 1 0 1e-06 2.50022e-13
387 386 116 1 0 1e-06 2.50022e-13
160 388 390 1 0 1e-06 2.50022e-13
388 127 389 1 0 1e-06 2.50022e-13
390 389 97 1 0 1e-06 2.50022e-13
98 391 393 1 0 1e-06 2.50022e-13
391 126 392 1 0 1e-06 2.50022e-13
393 392 117 1 0 1e-06 2.50022e-13
119 394 396 1 0 1e-06 2.50022e-13
394 102 395 1 0 1e-06 2.50022e-13
396 395 162 1 0 1e-06 2.50022e-13
122 397 399 1 0 1e-06 2.50022e-13
397 139 398 1 0 1e-06 2.50022e-13
399 398 100 1 0 1e-06 2.50022e-13
101 400 402 1 0 1e-06 2.50022e-13
400 142 401 1 0 1e-06 2.50022e-13
402 401 159 1 0 1e-06 2.50022e-13
13 403 404 1 0 1e-06 2.50022e-13
403 43 165 1 0 1e-06 2.50022e-13
404 165 45 1 0 1e-06 2.50022e-13
43 405 163 1 0 1e-06 2.50022e-13
405 14 406 1 0 1e-06 2.50022e-13
163 406 44 1 0 1e-06 2.50022e-13
45 164 408 1 0 1e-06 2.50022e-13
164 44 407 1 0 1e-06 2.50022e-13
408 407 15 1 0 1e-06 2.50022e-13
13 409 410 1 0 1e-06 2.50022e-13
409 46 168 1 0 1e-06 2.50022e-13
410 168 48 1 0 1e-06 2.50022e-13
46 411 166 1 0 1e-06 2.50022e-13
411 16 412 1 0 1e-06 2.50022e-13
166 412 47 1 0 1e-06 2.50022e-13
48 167 414 1 0 1e-06 2.50022e-13
167 47 413 1 0 1e-06 2.50022e-13
414 413 17 1 0 1e-06 2.50022e-13
18 415 416 1 0 1e-06 2.50022e-13
415 49 171 1 0 1e-06 2.50022e-13
416 171 51 1 0 1e-06 2.50022e-13
49 417 169 1 0 1e-06 2.50022e-13
417 19 418 1 0 1e-06 2.50022e-13
169 418 50 1 0 1e-06 2.50022e-13
51 170 420 1 0 1e-06 2.50022e-13
170 50 419 1 0 1e-06 2.50022e-13
420 419 20 1 0 1e-06 2.50022e-13
18 421 422 1 0 1e-06 2.50022e-13
421 52 174 1 0 1e-06 2.50022e-13
422 174 54 1 0 1e-06 2.50022e-13
52 423 172 1 0 1e-06 2.50022e-13
423 21 424 1 0 1e-06 2.50022e-13
172 424 53 1 0 1e-06 2.50022e-13
54 173 426 1 0 1e-06 2.50022e-13
173 53 425 1 0 1e-06 2.50022e-13
426 425 22 1 0 1e-06 2.50022e-13
23 427 428 1 0 1e-06 2.50022e-13
427 55 177 1 0 1e-06 2.50022e-13
428 177 57 1 0 1e-06 2.50022e-13
55 429 175 1 0 1e-06 2.50022e-13
429 24 430 1 0 1e-06 2.50022e-13
175 430 56 1 0 1e-06 2.50022e-13
57 176 432 1 0 1e-06 2.50022e-13
176 56 431 1 0 1e-06 2.50022e-13
432 431 25 1 0 1e-06 2.50022e-13
23 433 434 1 0 1e-06 2.50022e-13
433 58 180 1 0 1e-06 2.50022e-13
434 180 60 1 0 1e-06 2.50022e-13
58 435 178 1 0 1e-06 2.50022e-13
435 26 436 1 0 1e-06 2.50022e-13
178 436 59 1 0 1e-06 2.50022e-13
60 179 438 1 0 1e-06 2.50022e-13
179 59 437 1 0 1e-06 2.50022e-13
438 437 27 1 0 1e-06 2.50022e-13
28 439 440 1 0 1e-06 2.50022e-13
439 61 183 1 0 1e-06 2.50022e-13
440 183 63 1 0 1e-06 2.50022e-13
61 441 181 1 0 1e-06 2.50022e-13
441 29 442 1 0 1e-06 2.50022e-13
181 442 62 1 0 1e-06 2.50022e-13
63 182 444 1 0 1e-06 2.50022e-13
182 62 443 1 0 1e-06 2.50022e-13
444 443 30 1 0 1e-06 2.50022e-13
28 445 446 1 0 1e-06 2.50022e-13
445 64 186 1 0 1e-06 2.50022e-13
446 186 66 1 0 1e-06 2.50022e-13
64 447 184 1 0 1e-06 2.50022e-13
447 31 448 1 0 1e-06 2.50022e-13
184 448 65 1 0 1e-06 2.50022e-13
66 185 450 1 0 1e-06 2.50022e-13
185 65 449 1 0 1e-06 2.50022e-13
450 449 32 1 0 1e-06 2.50022e-13
33 451 452 1 0 1e-06 2.50022e-13
451 67 189 1 0 1e-06 2.50022e-13
452 189 69 1 0 1e-06 2.50022e-13
67 453 187 1 0 1e-06 2.50022e-13
453 34 454 1 0 1e-06 2.50022e-13
187 454 68 1 0 1e-06 2.50022e-13
69 188 456 1 0 1e-06 2.50022e-13
188 68 455 1 0 1e-06 2.50022e-13
456 455 35 1 0 1e-06 2.50022e-13
33 457 458 1 0 1e-06 2.50022e-13
457 70 192 1 0 1e-06 2.50022e-13
458 192 72 1 0 1e-06 2.50022e-13
70 459 190 1 0 1e-06 2.50022e-13
459 36 460 1 0 1e-06 2.50022e-13
190 460 71 1 0 1e-06 2.50022e-13
72 191 462 1 0 1e-06 2.50022e-13
191 71 461 1 0 1e-06 2.50022e-13
462 461 37 1 0 1e-06 2.50022e-13
38 463 464 1 0 1e-06 2.50022e-13
463 73 195 1 0 1e-06 2.50022e-13
464 195 75 1 0 1e-06 2.50022e-13
73 465 193 1 0 1e-06 2.50022e-13
465 39 466 1 0 1e-06 2.50022e-13
193 466 74 1 0 1e-06 2.50022e-13
75 194 468 1 0 1e-06 2.50022e-13
194 74 467 1 0 1e-06 2.50022e-13
468 467 40 1 0 1e-06 2.50022e-13
38 469 470 1 0 1e-06 2.50022e-13
469 76 198 1 0 1e-06 2.50022e-13
470 198 78 1 0 1e-06 2.50022e-13
76 471 196 1 0 1e-06 2.50022e-13
471 41 472 1 0 1e-06 2.50022e-13
196 472 77 1 0 1e-06 2.50022e-13
78 197 474 1 0 1e-06 2.50022e-13
197 77 473 1 0 1e-06 2.50022e-13
474 473 42 1 0 1e-06 2.50022e-13
36 475 476 1 0 1e-06 2.50022e-13
475 79 201 1 0 1e-06 2.50022e-13
476 201 81 1 0 1e-06 2.50022e-13
79 477 199 1 0 1e-06 2.50022e-13
477 26 478 1 0 1e-06 2.50022e-13
199 478 80 1 0 1e-06 2.50022e-13
81 200 480 1 0 1e-06 2.50022e-13
200 80 479 1 0 1e-06 2.50022e-13
480 479 14 1 0 1e-06 2.50022e-13
17 481 482 1 0 1e-06 2.50022e-13
481 82 204 1 0 1e-06 2.50022e-13
482 204 84 1 0 1e-06 2.50022e-13
82 483 202 1 0 1e-06 2.50022e-13
483 30 484 1 0 1e-06 2.50022e-13
202 484 83 1 0 1e-06 2.50022e-13
84 203 486 1 0 1e-06 2.50022e-13
203 83 485 1 0 1e-06 2.50022e-13
486 485 37 1 0 1e-06 2.50022e-13
15 487 488 1 0 1e-06 2.50022e-13
487 85 207 1 0 1e-06 2.50022e-13
488 207 87 1 0 1e-06 2.50022e-13
85 489 205 1 0 1e-06 2.50022e-13
489 25 490 1 0 1e-06 2.50022e-13
205 490 86 1 0 1e-06 2.50022e-13
87 206 492 1 0 1e-06 2.50022e-13
206 86 491 1 0 1e-06 2.50022e-13
492 491 40 1 0 1e-06 2.50022e-13
39 493 494 1 0 1e-06 2.50022e-13
493 88 210 1 0 1e-06 2.50022e-13
494 210 90 1 0 1e-06 2.50022e-13
88 495 208 1 0 1e-06 2.50022e-13
495 31 496 1 0 1e-06 2.50022e-13
208 496 89 1 0 1e-06 2.50022e-13
90 209 498 1 0 1e-06 2.50022e-13
209 89 497 1 0 1e-06 2.50022e-13
498 497 16 1 0 1e-06 2.50022e-13
20 499 500 1 0 1e-06 2.50022e-13
499 91 213 1 0 1e-06 2.50022e-13
500 213 93 1 0 1e-06 2.50022e-13
91 501 211 1 0 1e-06 2.50022e-13
501 27 502 1 0 1e-06 2.50022e-13
211 502 92 1 0 1e-06 2.50022e-13
93 212 504 1 0 1e-06 2.50022e-13
212 92 503 1 0 1e-06 2.50022e-13
504 503 35 1 0 1e-06 2.50022e-13
34 505 506 1 0 1e-06 2.50022e-13
505 94 216 1 0 1e-06 2.50022e-13
506 216 96 1 0 1e-06 2.50022e-13
94 507 214 1 0 1e-06 2.50022e-13
507 29 508 1 0 1e-06 2.50022e-13
214 508 95 1 0 1e-06 2.50022e-13
96 215 510 1 0 1e-06 2.50022e-13
215 95 509 1 0 1e-06 2.50022e-13
510 509 21 1 0 1e-06 2.50022e-13
41 511 512 1 0 1e-06 2.50022e-13
511 97 219 1 0 1e-06 2.50022e-13
512 219 99 1 0 1e-06 2.50022e-13
97 513 217 1 0 1e-06 2.50022e-13
513 24 514 1 0 1e-06 2.50022e-13
217 514 98 1 0 1e-06 2.50022e-13
99 218 516 1 0 1e-06 2.50022e-13
218 98 515 1 0 1e-06 2.50022e-13
516 515 19 1 0 1e-06 2.50022e-13
22 517 518 1 0 1e-06 2.50022e-13
517 100 222 1 0 1e-06 2.50022e-13
518 222 102 1 0 1e-06 2.50022e-13
100 519 220 1 0 1e-06 2.50022e-13
519 32 520 1 0 1e-06 2.50022e-13
220 520 101 1 0 1e-06 2.50022e-13
102 221 522 1 0 1e-06 2.50022e-13
221 101 521 1 0 1e-06 2.50022e-13
522 521 42 1 0 1e-06 2.50022e-13
2 523 524 1 0 1e-06 2.50022e-13
523 103 225 1 0 1e-06 2.50022e-13
524 225 104 1 0 1e-06 2.50022e-13
103 525 223 1 0 1e-06 2.50022e-13
525 13 404 1 0 1e-06 2.50022e-13
223 404 45 1 0 1e-06 2.50022e-13
104 224 526 1 0 1e-06 2.50022e-13
224 45 408 1 0 1e-06 2.50022e-13
526 408 15 1 0 1e-06 2.50022e-13
13 527 403 1 0 1e-06 2.50022e-13
527 105 228 1 0 1e-06 2.50022e-13
403 228 43 1 0 1e-06 2.50022e-13
105 528 226 1 0 1e-06 2.50022e-13
528 1 529 1 0 1e-06 2.50022e-13
226 529 106 1 0 1e-06 2.50022e-13
43 227 405 1 0 1e-06 2.50022e-13
227 106 530 1 0 1e-06 2.50022e-13
405 530 14 1 0 1e-06 2.50022e-13
15 407 531 1 0 1e-06 2.50022e-13
407 44 231 1 0 1e-06 2.50022e-13
531 231 108 1 0 1e-06 2.50022e-13
44 406 229 1 0 1e-06 2.50022e-13
406 14 532 1 0 1e-06 2.50022e-13
229 532 107 1 0 1e-06 2.50022e-13
108 230 534 1 0 1e-06 2.50022e-13
230 107 533 1 0 1e-06 2.50022e-13
534 533 5 1 0 1e-06 2.50022e-13
1 528 535 1 0 1e-06 2.50022e-13
528 105 234 1 0 1e-06 2.50022e-13
535 234 109 1 0 1e-06 2.50022e-13
105 527 232 1 0 1e-06 2.50022e-13
527 13 410 1 0 1e-06 2.50022e-13
232 410 48 1 0 1e-06 2.50022e-13
109 233 536 1 0 1e-06 2.50022e-13
233 48 414 1 0 1e-06 2.50022e-13
536 414 17 1 0 1e-06 2.50022e-13
13 525 409 1 0 1e-06 2.50022e-13
525 103 237 1 0 1e-06 2.50022e-13
409 237 46 1 0 1e-06 2.50022e-13
103 523 235 1 0 1e-06 2.50022e-13
523 2 537 1 0 1e-06 2.50022e-13
235 537 110 1 0 1e-06 2.50022e-13
46 236 411 1 0 1e-06 2.50022e-13
236 110 538 1 0 1e-06 2.50022e-13
411 538 16 1 0 1e-06 2.50022e-13
17 413 539 1 0 1e-06 2.50022e-13
413 47 240 1 0 1e-06 2.50022e-13
539 240 112 1 0 1e-06 2.50022e-13
47 412 238 1 0 1e-06 2.50022e-13
412 16 540 1 0 1e-06 2.50022e-13
238 540 111 1 0 1e-06 2.50022e-13
112 239 542 1 0 1e-06 2.50022e-13
239 111 541 1 0 1e-06 2.50022e-13
542 541 7 1 0 1e-06 2.50022e-13
3 543 544 1 0 1e-06 2.50022e-13
543 113 243 1 0 1e-06 2.50022e-13
544 243 114 1 0 1e-06 2.50022e-13
113 545 241 1 0 1e-06 2.50022e-13
545 18 416 1 0 1e-06 2.50022e-13
241 416 51 1 0 1e-06 2.50022e-13
114 242 546 1 0 1e-06 2.50022e-13
242 51 420 1 0 1e-06 2.50022e-13
546 420 20 1 0 1e-06 2.50022e-13
18 547 415 1 0 1e-06 2.50022e-13
547 115 246 1 0 1e-06 2.50022e-13
415 246 49 1 0 1e-06 2.50022e-13
115 548 244 1 0 1e-06 2.50022e-13
548 4 549 1 0 1e-06 2.50022e-13
244 549 116 1 0 1e-06 2.50022e-13
49 245 417 1 0 1e-06 2.50022e-13
245 116 550 1 0 1e-06 2.50022e-13
417 550 19 1 0 1e-06 2.50022e-13
20 419 551 1 0 1e-06 2.50022e-13
419 50 249 1 0 1e-06 2.50022e-13
551 249 118 1 0 1e-06 2.50022e-13
50 418 247 1 0 1e-06 2.50022e-13
418 19 552 1 0 1e-06 2.50022e-13
247 552 117 1 0 1e-06 2.50022e-13
118 248 554 1 0 1e-06 2.50022e-13
248 117 553 1 0 1e-06 2.50022e-13
554 553 6 1 0 1e-06 2.50022e-13
4 548 555 1 0 1e-06 2.50022e-13
548 115 252 1 0 1e-06 2.50022e-13
555 252 119 1 0 1e-06 2.50022e-13
115 547 250 1 0 1e-06 2.50022e-13
547 18 422 1 0 1e-06 2.50022e-13
250 422 54 1 0 1e-06 2.50022e-13
119 251 556 1 0 1e-06 2.50022e-13
251 54 426 1 0 1e-06 2.50022e-13
556 426 22 1 0 1e-06 2.50022e-13
18 545 421 1 0 1e-06 2.50022e-13
545 113 255 1 0 1e-06 2.50022e-13
421 255 52 1 0 1e-06 2.50022e-13
113 543 253 1 0 1e-06 2.50022e-13
543 3 557 1 0 1e-06 2.50022e-13
253 557 120 1 0 1e-06 2.50022e-13
52 254 423 1 0 1e-06 2.50022e-13
254 120 558 1 0 1e-06 2.50022e-13
423 558 21 1 0 1e-06 2.50022e-13
22 425 559 1 0 1e-06 2.50022e-13
425 53 258 1 0 1e-06 2.50022e-13
559 258 122 1 0 1e-06 2.50022e-13
53 424 256 1 0 1e-06 2.50022e-13
424 21 560 1 0 1e-06 2.50022e-13
256 560 121 1 0 1e-06 2.50022e-13
122 257 562 1 0 1e-06 2.50022e-13
257 121 561 1 0 1e-06 2.50022e-13
562 561 8 1 0 1e-06 2.50022e-13
5 563 564 1 0 1e-06 2.50022e-13
563 123 261 1 0 1e-06 2.50022e-13
564 261 124 1 0 1e-06 2.50022e-13
123 565 259 1 0 1e-06 2.50022e-13
565 23 428 1 0 1e-06 2.50022e-13
259 428 57 1 0 1e-06 2.50022e-13
124 260 566 1 0 1e-06 2.50022e-13
260 57 432 1 0 1e-06 2.50022e-13
566 432 25 1 0 1e-06 2.50022e-13
23 567 427 1 0 1e-06 2.50022e-13
567 125 264 1 0 1e-06 2.50022e-13
427 264 55 1 0 1e-06 2.50022e-13
125 568 262 1 0 1e-06 2.50022e-13
568 6 569 1 0 1e-06 2.50022e-13
262 569 126 1 0 1e-06 2.50022e-13
55 263 429 1 0 1e-06 2.50022e-13
263 126 570 1 0 1e-06 2.50022e-13
429 570 24 1 0 1e-06 2.50022e-13
25 431 571 1 0 1e-06 2.50022e-13
431 56 267 1 0 1e-06 2.50022e-13
571 267 128 1 0 1e-06 2.50022e-13
56 430 265 1 0 1e-06 2.50022e-13
430 24 572 1 0 1e-06 2.50022e-13
265 572 127 1 0 1e-06 2.50022e-13
128 266 574 1 0 1e-06 2.50022e-13
266 127 573 1 0 1e-06 2.50022e-13
574 573 11 1 0 1e-06 2.50022e-13
6 568 575 1 0 1e-06 2.50022e-13
568 125 270 1 0 1e-06 2.50022e-13
575 270 129 1 0 1e-06 2.50022e-13
125 567 268 1 0 1e-06 2.50022e-13
567 23 434 1 0 1e-06 2.50022e-13
268 434 60 1 0 1e-06 2.50022e-13
129 269 576 1 0 1e-06 2.50022e-13
269 60 438 1 0 1e-06 2.50022e-13
576 438 27 1 0 1e-06 2.50022e-13
23 565 433 1 0 1e-06 2.50022e-13
565 123 273 1 0 1e-06 2.50022e-13
433 273 58 1 0 1e-06 2.50022e-13
123 563 271 1 0 1e-06 2.50022e-13
563 5 577 1 0 1e-06 2.50022e-13
271 577 130 1 0 1e-06 2.50022e-13
58 272 435 1 0 1e-06 2.50022e-13
272 130 578 1 0 1e-06 2.50022e-13
435 578 26 1 0 1e-06 2.50022e-13
27 437 579 1 0 1e-06 2.50022e-13
437 59 276 1 0 1e-06 2.50022e-13
579 276 132 1 0 1e-06 2.50022e-13
59 436 274 1 0 1e-06 2.50022e-13
436 26 580 1 0 1e-06 2.50022e-13
274 580 131 1 0 1e-06 2.50022e-13
132 275 582 1 0 1e-06 2.50022e-13
275 131 581 1 0 1e-06 2.50022e-13
582 581 9 1 0 1e-06 2.50022e-13
7 583 584 1 0 1e-06 2.50022e-13
583 133 279 1 0 1e-06 2.50022e-13
584 279 134 1 0 1e-06 2.50022e-13
133 585 277 1 0 1e-06 2.50022e-13
585 28 440 1 0 1e-06 2.50022e-13
277 440 63 1 0 1e-06 2.50022e-13
134 278 586 1 0 1e-06 2.50022e-13
278 63 444 1 0 1e-06 2.50022e-13
586 444 30 1 0 1e-06 2.50022e-13
28 587 439 1 0 1e-06 2.50022e-13
587 135 282 1 0 1e-06 2.50022e-13
439 282 61 1 0 1e-06 2.50022e-13
135 588 280 1 0 1e-06 2.50022e-13
588 8 589 1 0 1e-06 2.50022e-13
280 589 136 1 0 1e-06 2.50022e-13
61 281 441 1 0 1e-06 2.50022e-13
281 136 590 1 0 1e-06 2.50022e-13
441 590 29 1 0 1e-06 2.50022e-13
30 443 591 1 0 1e-06 2.50022e-13
443 62 285 1 0 1e-06 2.50022e-13
591 285 138 1 0 1e-06 2.50022e-13
62 442 283 1 0 1e-06 2.50022e-13
442 29 592 1 0 1e-06 2.50022e-13
283 592 137 1 0 1e-06 2.50022e-13
138 284 594 1 0 1e-06 2.50022e-13
284 137 593 1 0 1e-06 2.50022e-13
594 593 10 1 0 1e-06 2.50022e-13
8 588 595 1 0 1e-06 2.50022e-13
588 135 288 1 0 1e-06 2.50022e-13
595 288 139 1 0 1e-06 2.50022e-13
135 587 286 1 0 1e-06 2.50022e-13
587 28 446 1 0 1e-06 2.50022e-13
286 446 66 1 0 1e-06 2.50022e-13
139 287 596 1 0 1e-06 2.50022e-13
287 66 450 1 0 1e-06 2.50022e-13
596 450 32 1 0 1e-06 2.50022e-13
28 585 445 1 0 1e-06 2.50022e-13
585 133 291 1 0 1e-06 2.50022e-13
445 291 64 1 0 1e-06 2.50022e-13
133 583 289 1 0 1e-06 2.50022e-13
583 7 597 1 0 1e-06 2.50022e-13
289 597 140 1 0 1e-06 2.50022e-13
64 290 447 1 0 1e-06 2.50022e-13
290 140 598 1 0 1e-06 2.50022e-13
447 598 31 1 0 1e-06 2.50022e-13
32 449 599 1 0 1e-06 2.50022e-13
449 65 294 1 0 1e-06 2.50022e-13
599 294 142 1 0 1e-06 2.50022e-13
65 448 292 1 0 1e-06 2.50022e-13
448 31 600 1 0 1e-06 2.50022e-13
292 600 141 1 0 1e-06 2.50022e-13
142 293 602 1 0 1e-06 2.50022e-13
293 141 601 1 0 1e-06 2.50022e-13
602 601 12 1 0 1e-06 2.50022e-13
9 603 604 1 0 1e-06 2.50022e-13
603 143 297 1 0 1e-06 2.50022e-13
604 297 144 1 0 1e-06 2.50022e-13
143 605 295 1 0 1e-06 2.50022e-13
605 33 452 1 0 1e-06 2.50022e-13
295 452 69 1 0 1e-06 2.50022e-13
144 296 606 1 0 1e-06 2.50022e-13
296 69 456 1 0 1e-06 2.50022e-13
606 456 35 1 0 1e-06 2.50022e-13
33 607 451 1 0 1e-06 2.50022e-13
607 145 300 1 0 1e-06 2.50022e-13
451 300 67 1 0 1e-06 2.50022e-13
145 608 298 1 0 1e-06 2.50022e-13
608 10 609 1 0 1e-06 2.50022e-13
298 609 146 1 0 1e-06 2.50022e-13
67 299 453 1 0 1e-06 2.50022e-13
299 146 610 1 0 1e-06 2.50022e-13
453 610 34 1 0 1e-06 2.50022e-13
35 455 611 1 0 1e-06 2.50022e-13
455 68 303 1 0 1e-06 2.50022e-13
611 303 148 1 0 1e-06 2.50022e-13
68 454 301 1 0 1e-06 2.50022e-13
454 34 612 1 0 1e-06 2.50022e-13
301 612 147 1 0 1e-06 2.50022e-13
148 302 614 1 0 1e-06 2.50022e-13
302 147 613 1 0 1e-06 2.50022e-13
614 613 3 1 0 1e-06 2.50022e-13
10 608 615 1 0 1e-06 2.50022e-13
608 145 306 1 0 1e-06 2.50022e-13
615 306 149 1 0 1e-06 2.50022e-13
145 607 304 1 0 1e-06 2.50022e-13
607 33 458 1 0 1e-06 2.50022e-13
304 458 72 1 0 1e-06 2.50022e-13
149 305 616 1 0 1e-06 2.50022e-13
305 72 462 1 0 1e-06 2.50022e-13
616 462 37 1 0 1e-06 2.50022e-13
33 605 457 1 0 1e-06 2.50022e-13
605 143 309 1 0 1e-06 2.50022e-13
457 309 70 1 0 1e-06 2.50022e-13
143 603 307 1 0 1e-06 2.50022e-13
603 9 617 1 0 1e-06 2.50022e-13
307 617 150 1 0 1e-06 2.50022e-13
70 308 459 1 0 1e-06 2.50022e-13
308 150 618 1 0 1e-06 2.50022e-13
459 618 36 1 0 1e-06 2.50022e-13
37 461 619 1 0 1e-06 2.50022e-13
461 71 312 1 0 1e-06 2.50022e-13
619 312 152 1 0 1e-06 2.50022e-13
71 460 310 1 0 1e-06 2.50022e-13
460 36 620 1 0 1e-06 2.50022e-13
310 620 151 1 0 1e-06 2.50022e-13
152 311 622 1 0 1e-06 2.50022e-13
311 151 621 1 0 1e-06 2.50022e-13
622 621 1 1 0 1e-06 2.50022e-13
11 623 624 1 0 1e-06 2.50022e-13
623 153 315 1 0 1e-06 2.50022e-13
624 315 154 1 0 1e-06 2.50022e-13
153 625 313 1 0 1e-06 2.50022e-13
625 38 464 1 0 1e-06 2.50022e-13
313 464 75 1 0 1e-06 2.50022e-13
154 314 626 1 0 1e-06 2.50022e-13
314 75 468 1 0 1e-06 2.50022e-13
626 468 40 1 0 1e-06 2.50022e-13
38 627 463 1 0 1e-06 2.50022e-13
627 155 318 1 0 1e-06 2.50022e-13
463 318 73 1 0 1e-06 2.50022e-13
155 628 316 1 0 1e-06 2.50022e-13
628 12 629 1 0 1e-06 2.50022e-13
316 629 156 1 0 1e-06 2.50022e-13
73 317 465 1 0 1e-06 2.50022e-13
317 156 630 1 0 1e-06 2.50022e-13
465 630 39 1 0 1e-06 2.50022e-13
40 467 631 1 0 1e-06 2.50022e-13
467 74 321 1 0 1e-06 2.50022e-13
631 321 158 1 0 1e-06 2.50022e-13
74 466 319 1 0 1e-06 2.50022e-13
466 39 632 1 0 1e-06 2.50022e-13
319 632 157 1 0 1e-06 2.50022e-13
158 320 634 1 0 1e-06 2.50022e-13
320 157 633 1 0 1e-06 2.50022e-13
634 633 2 1 0 1e-06 2.50022e-13
12 628 635 1 0 1e-06 2.50022e-13
628 155 324 1 0 1e-06 2.50022e-13
635 324 159 1 0 1e-06 2.50022e-13
155 627 322 1 0 1e-06 2.50022e-13
627 38 470 1 0 1e-06 2.50022e-13
322 470 78 1 0 1e-06 2.50022e-13
159 323 636 1 0 1e-06 2.50022e-13
323 78 474 1 0 1e-06 2.50022e-13
636 474 42 1 0 1e-06 2.50022e-13
38 625 469 1 0 1e-06 2.50022e-13
625 153 327 1 0 1e-06 2.50022e-13
469 327 76 1 0 1e-06 2.50022e-13
153 623 325 1 0 1e-06 2.50022e-13
623 11 637 1 0 1e-06 2.50022e-13
325 637 160 1 0 1e-06 2.50022e-13
76 326 471 1 0 1e-06 2.50022e-13
326 160 638 1 0 1e-06 2.50022e-13
471 638 41 1 0 1e-06 2.50022e-13
42 473 639 1 0 1e-06 2.50022e-13
473 77 330 1 0 1e-06 2.50022e-13
639 330 162 1 0 1e-06 2.50022e-13
77 472 328 1 0 1e-06 2.50022e-13
472 41 640 1 0 1e-06 2.50022e-13
328 640 161 1 0 1e-06 2.50022e-13
162 329 642 1 0 1e-06 2.50022e-13
329 161 641 1 0 1e-06 2.50022e-13
642 641 4 1 0 1e-06 2.50022e-13
1 621 529 1 0 1e-06 2.50022e-13
621 151 333 1 0 1e-06 2.50022e-13
529 333 106 1 0 1e-06 2.50022e-13
151 620 331 1 0 1e-06 2.50022e-13
620 36 476 1 0 1e-06 2.50022e-13
331 476 81 1 0 1e-06 2.50022e-13
106 332 530 1 0 1e-06 2.50022e-13
332 81 480 1 0 1e-06 2.50022e-13
530 480 14 1 0 1e-06 2.50022e-13
36 618 475 1 0 1e-06 2.50022e-13
618 150 336 1 0 1e-06 2.50022e-13
475 336 79 1 0 1e-06 2.50022e-13
150 617 334 1 0 1e-06 2.50022e-13
617 9 581 1 0 1e-06 2.50022e-13
334 581 131 1 0 1e-06 2.50022e-13
79 335 477 1 0 1e-06 2.50022e-13
335 131 580 1 0 1e-06 2.50022e-13
477 580 26 1 0 1e-06 2.50022e-13
14 479 532 1 0 1e-06 2.50022e-13
479 80 339 1 0 1e-06 2.50022e-13
532 339 107 1 0 1e-06 2.50022e-13
80 478 337 1 0 1e-06 2.50022e-13
478 26 578 1 0 1e-06 2.50022e-13
337 578 130 1 0 1e-06 2.50022e-13
107 338 533 1 0 1e-06 2.50022e-13
338 130 577 1 0 1e-06 2.50022e-13
533 577 5 1 0 1e-06 2.50022e-13
1 535 622 1 0 1e-06 2.50022e-13
535 109 342 1 0 1e-06 2.50022e-13
622 342 152 1 0 1e-06 2.50022e-13
109 536 340 1 0 1e-06 2.50022e-13
536 17 482 1 0 1e-06 2.50022e-13
340 482 84 1 0 1e-06 2.50022e-13
152 341 619 1 0 1e-06 2.50022e-13
341 84 486 1 0 1e-06 2.50022e-13
619 486 37 1 0 1e-06 2.50022e-13
17 539 481 1 0 1e-06 2.50022e-13
539 112 345 1 0 1e-06 2.50022e-13
481 345 82 1 0 1e-06 2.50022e-13
112 542 343 1 0 1e-06 2.50022e-13
542 7 584 1 0 1e-06 2.50022e-13
343 584 134 1 0 1e-06 2.50022e-13
82 344 483 1 0 1e-06 2.50022e-13
344 134 586 1 0 1e-06 2.50022e-13
483 586 30 1 0 1e-06 2.50022e-13
37 485 616 1 0 1e-06 2.50022e-13
485 83 348 1 0 1e-06 2.50022e-13
616 348 149 1 0 1e-06 2.50022e-13
83 484 346 1 0 1e-06 2.50022e-13
484 30 591 1 0 1e-06 2.50022e-13
346 591 138 1 0 1e-06 2.50022e-13
149 347 615 1 0 1e-06 2.50022e-13
347 138 594 1 0 1e-06 2.50022e-13
615 594 10 1 0 1e-06 2.50022e-13
2 524 634 1 0 1e-06 2.50022e-13
524 104 351 1 0 1e-06 2.50022e-13
634 351 158 1 0 1e-06 2.50022e-13
104 526 349 1 0 1e-06 2.50022e-13
526 15 488 1 0 1e-06 2.50022e-13
349 488 87 1 0 1e-06 2.50022e-13
158 350 631 1 0 1e-06 2.50022e-13
350 87 492 1 0 1e-06 2.50022e-13
631 492 40 1 0 1e-06 2.50022e-13
15 531 487 1 0 1e-06 2.50022e-13
531 108 354 1 0 1e-06 2.50022e-13
487 354 85 1 0 1e-06 2.50022e-13
108 534 352 1 0 1e-06 2.50022e-13
534 5 564 1 0 1e-06 2.50022e-13
352 564 124 1 0 1e-06 2.50022e-13
85 353 489 1 0 1e-06 2.50022e-13
353 124 566 1 0 1e-06 2.50022e-13
489 566 25 1 0 1e-06 2.50022e-13
40 491 626 1 0 1e-06 2.50022e-13
491 86 357 1 0 1e-06 2.50022e-13
626 357 154 1 0 1e-06 2.50022e-13
86 490 355 1 0 1e-06 2.50022e-13
490 25 571 1 0 1e-06 2.50022e-13
355 571 128 1 0 1e-06 2.50022e-13
154 356 624 1 0 1e-06 2.50022e-13
356 128 574 1 0 1e-06 2.50022e-13
624 574 11 1 0 1e-06 2.50022e-13
2 633 537 1 0 1e-06 2.50022e-13
633 157 360 1 0 1e-06 2.50022e-13
537 360 110 1 0 1e-06 2.50022e-13
157 632 358 1 0 1e-06 2.50022e-13
632 39 494 1 0 1e-06 2.50022e-13
358 494 90 1 0 1e-06 2.50022e-13
110 359 538 1 0 1e-06 2.50022e-13
359 90 498 1 0 1e-06 2.50022e-13
538 498 16 1 0 1e-06 2.50022e-13
39 630 493 1 0 1e-06 2.50022e-13
630 156 363 1 0 1e-06 2.50022e-13
493 363 88 1 0 1e-06 2.50022e-13
156 629 361 1 0 1e-06 2.50022e-13
629 12 601 1 0 1e-06 2.50022e-13
361 601 141 1 0 1e-06 2.50022e-13
88 362 495 1 0 1e-06 2.50022e-13
362 141 600 1 0 1e-06 2.50022e-13
495 600 31 1 0 1e-06 2.50022e-13
16 497 540 1 0 1e-06 2.50022e-13
497 89 366 1 0 1e-06 2.50022e-13
540 366 111 1 0 1e-06 2.50022e-13
89 496 364 1 0 1e-06 2.50022e-13
496 31 598 1 0 1e-06 2.50022e-13
364 598 140 1 0 1e-06 2.50022e-13
111 365 541 1 0 1e-06 2.50022e-13
365 140 597 1 0 1e-06 2.50022e-13
541 597 7 1 0 1e-06 2.50022e-13
3 544 614 1 0 1e-06 2.50022e-13
544 114 369 1 0 1e-06 2.50022e-13
614 369 148 1 0 1e-06 2.50022e-13
114 546 367 1 0 1e-06 2.50022e-13
546 20 500 1 0 1e-06 2.50022e-13
367 500 93 1 0 1e-06 2.50022e-13
148 368 611 1 0 1e-06 2.50022e-13
368 93 504 1 0 1e-06 2.50022e-13
611 504 35 1 0 1e-06 2.50022e-13
20 551 499 1 0 1e-06 2.50022e-13
551 118 372 1 0 1e-06 2.50022e-13
499 372 91 1 0 1e-06 2.50022e-13
118 554 370 1 0 1e-06 2.50022e-13
554 6 575 1 0 1e-06 2.50022e-13
370 575 129 1 0 1e-06 2.50022e-13
91 371 501 1 0 1e-06 2.50022e-13
371 129 576 1 0 1e-06 2.50022e-13
501 576 27 1 0 1e-06 2.50022e-13
35 503 606 1 0 1e-06 2.50022e-13
503 92 375 1 0 1e-06 2.50022e-13
606 375 144 1 0 1e-06 2.50022e-13
92 502 373 1 0 1e-06 2.50022e-13
502 27 579 1 0 1e-06 2.50022e-13
373 579 132 1 0 1e-06 2.50022e-13
144 374 604 1 0 1e-06 2.50022e-13
374 132 582 1 0 1e-06 2.50022e-13
604 582 9 1 0 1e-06 2.50022e-13
3 613 557 1 0 1e-06 2.50022e-13
613 147 378 1 0 1e-06 2.50022e-13
557 378 120 1 0 1e-06 2.50022e-13
147 612 376 1 0 1e-06 2.50022e-13
612 34 506 1 0 1e-06 2.50022e-13
376 506 96 1 0 1e-06 2.50022e-13
120 377 558 1 0 1e-06 2.50022e-13
377 96 510 1 0 1e-06 2.50022e-13
558 510 21 1 0 1e-06 2.50022e-13
34 610 505 1 0 1e-06 2.50022e-13
610 146 381 1 0 1e-06 2.50022e-13
505 381 94 1 0 1e-06 2.50022e-13
146 609 379 1 0 1e-06 2.50022e-13
609 10 593 1 0 1e-06 2.50022e-13
379 593 137 1 0 1e-06 2.50022e-13
94 380 507 1 0 1e-06 2.50022e-13
380 137 592 1 0 1e-06 2.50022e-13
507 592 29 1 0 1e-06 2.50022e-13
21 509 560 1 0 1e-06 2.50022e-13
509 95 384 1 0 1e-06 2.50022e-13
560 384 121 1 0 1e-06 2.50022e-13
95 508 382 1 0 1e-06 2.50022e-13
508 29 590 1 0 1e-06 2.50022e-13
382 590 136 1 0 1e-06 2.50022e-13
121 383 561 1 0 1e-06 2.50022e-13
383 136 589 1 0 1e-06 2.50022e-13
561 589 8 1 0 1e-06 2.50022e-13
4 641 549 1 0 1e-06 2.50022e-13
641 161 387 1 0 1e-06 2.50022e-13
549 387 116 1 0 1e-06 2.50022e-13
161 640 385 1 0 1e-06 2.50022e-13
640 41 512 1 0 1e-06 2.50022e-13
385 512 99 1 0 1e-06 2.50022e-13
116 386 550 1 0 1e-06 2.50022e-13
386 99 516 1 0 1e-06 2.50022e-13
550 516 19 1 0 1e-06 2.50022e-13
41 638 511 1 0 1e-06 2.50022e-13
638 160 390 1 0 1e-06 2.50022e-13
511 390 97 1 0 1e-06 2.50022e-13
160 637 388 1 0 1e-06 2.50022e-13
637 11 573 1 0 1e-06 2.50022e-13
388 573 127 1 0 1e-06 2.50022e-13
97 389 513 1 0 1e-06 2.50022e-13
389 127 572 1 0 1e-06 2.50022e-13
513 572 24 1 0 1e-06 2.50022e-13
19 515 552 1 0 1e-06 2.50022e-13
515 98 393 1 0 1e-06 2.50022e-13
552 393 117 1 0 1e-06 2.50022e-13
98 514 391 1 0 1e-06 2.50022e-13
514 24 570 1 0 1e-06 2.50022e-13
391 570 126 1 0 1e-06 2.50022e-13
117 392 553 1 0 1e-06 2.50022e-13
392 126 569 1 0 1e-06 2.50022e-13
553 569 6 1 0 1e-06 2.50022e-13
4 555 642 1 0 1e-06 2.50022e-13
555 119 396 1 0 1e-06 2.50022e-13
642 396 162 1 0 1e-06 2.50022e-13
119 556 394 1 0 1e-06 2.50022e-13
556 22 518 1 0 1e-06 2.50022e-13
394 518 102 1 0 1e-06 2.50022e-13
162 395 639 1 0 1e-06 2.50022e-13
395 102 522 1 0 1e-06 2.50022e-13
639 522 42 1 0 1e-06 2.50022e-13
22 559 517 1 0 1e-06 2.50022e-13
559 122 399 1 0 1e-06 2.50022e-13
517 399 100 1 0 1e-06 2.50022e-13
122 562 397 1 0 1e-06 2.50022e-13
562 8 595 1 0 1e-06 2.50022e-13
397 595 139 1 0 1e-06 2.50022e-13
100 398 519 1 0 1e-06 2.50022e-13
398 139 596 1 0 1e-06 2.50022e-13
519 596 32 1 0 1e-06 2.50022e-13
42 521 636 1 0 1e-06 2.50022e-13
521 101 402 1 0 1e-06 2.50022e-13
636 402 159 1 0 1e-06 2.50022e-13
101 520 400 1 0 1e-06 2.50022e-13
520 32 599 1 0 1e-06 2.50022e-13
400 599 142 1 0 1e-06 2.50022e-13
159 401 635 1 0 1e-06 2.50022e-13
401 142 602 1 0 1e-06 2.50022e-13
635 602 12 1 0 1e-06 2.50022e-13
